1 2
1 0 0 bubble
2 3
2 4
2 0 1 i
2 26
2 0 2 j
2 26
2 0 3 num
2 25
3 5
3 32
3 1 0 1 1
3 28
3 1 1 1 20
3 33
3 6
3 4
3 0 4 a
3 25
4 8
4 0 5 q
4 30
4 4
4 0 6 num
4 31
4 25
5 3
5 4
5 0 7 i
5 26
5 0 8 j
5 26
5 0 9 k
5 25
6 4
6 0 10 t
6 25
7 9
8 0 11 i
8 27
8 1 2 1 1
8 25
9 10
9 0 12 i
9 24
9 0 13 num
9 11
10 0 14 j
10 27
10 0 15 num
10 21
10 0 16 i
10 20
10 1 3 1 1
10 25
11 0 17 k
11 27
11 1 4 1 1
11 25
12 10
12 0 18 k
12 24
12 0 19 j
12 11
13 12
13 0 20 a
13 32
13 0 21 k
13 20
13 1 5 1 1
13 33
13 24
13 0 22 a
13 32
13 0 23 k
13 33
14 13
15 0 24 t
15 27
15 0 25 a
15 32
15 0 26 k
15 33
15 25
16 0 27 a
16 32
16 0 28 k
16 33
16 27
16 0 29 a
16 32
16 0 30 k
16 20
16 1 6 1 1
16 33
16 25
17 0 31 a
17 32
17 0 32 k
17 20
17 1 7 1 1
17 33
17 27
17 0 33 t
17 25
18 14
18 0 34 temp
18 27
18 1 8 1 0
19 15
19 25
20 0 35 k
20 27
20 0 36 k
20 20
20 1 9 1 1
20 25
21 16
21 25
22 0 37 i
22 27
22 0 38 i
22 20
22 1 10 1 1
22 25
23 16
24 17
26 9
27 18
27 30
27 0 39 num
27 31
27 25
28 0 40 i
28 27
28 1 11 1 1
28 25
29 10
29 0 41 i
29 24
29 30
29 0 42 num
29 20
29 1 12 1 1
29 31
29 11
30 18
30 30
30 0 43 j
30 31
30 25
31 0 44 a
31 32
31 0 45 i
31 33
31 27
31 0 46 j
31 25
32 0 47 i
32 27
32 0 48 i
32 20
32 1 13 1 1
32 25
33 16
33 25
34 0 49 q
34 30
34 0 50 num
34 31
34 25
35 0 51 i
35 27
35 1 14 1 1
35 25
36 10
36 0 52 i
36 24
36 30
36 0 53 num
36 20
36 1 15 1 1
36 31
36 11
37 19
37 30
37 0 54 a
37 32
37 0 55 i
37 33
37 31
37 25
38 0 56 i
38 27
38 0 57 i
38 20
38 1 16 1 1
38 25
39 16
40 17
