1 2 -1
2 0 0 bubble
2 3 -1
2 4 -1
2 0 1 i
2 0 2 j
2 0 3 num
3 5 -1
3 29 -1
3 6 -1
3 4 -1
3 0 4 a
4 8 -1
4 0 5 q
4 4 -1
4 0 6 num
4 59 -1
5 3 -1
5 4 -1
5 0 7 i
5 0 8 j
5 0 9 k
6 4 -1
6 0 10 t
8 9 -1
8 0 11 i
8 32 -1
8 59 -1
9 10 -1
9 0 12 i
9 0 13 num
10 11 -1
10 0 14 j
10 32 -1
10 0 15 num
10 0 16 i
10 59 -1
11 0 17 k
11 32 -1
11 59 -1
12 10 -1
12 0 18 k
12 0 19 j
13 11 -1
13 12 -1
13 0 20 a
13 0 21 k
13 29 -1
13 24 -1
13 0 22 a
13 0 23 k
15 13 -1
15 0 24 t
15 32 -1
15 0 25 a
15 0 26 k
15 59 -1
16 0 27 a
16 0 28 k
16 32 -1
16 0 29 a
16 0 30 k
16 29 -1
16 59 -1
17 0 31 a
17 0 32 k
17 29 -1
17 32 -1
18 0 33 t
18 14 -1
18 0 34 temp
18 32 -1
19 15 -1
20 0 35 k
20 32 -1
20 0 36 k
21 16 -1
22 0 37 i
22 0 38 i
24 16 -1
25 17 -1
27 9 -1
27 18 -1
27 0 39 num
27 59 -1
28 0 40 i
28 32 -1
28 59 -1
29 10 -1
29 0 41 i
29 26 -1
29 0 42 num
29 27 -1
30 11 -1
30 18 -1
30 0 43 j
30 59 -1
31 0 44 a
31 0 45 i
31 32 -1
31 0 46 j
32 0 47 i
32 32 -1
32 0 48 i
32 59 -1
33 16 -1
34 0 49 q
34 0 50 num
34 59 -1
35 0 51 i
35 32 -1
35 59 -1
36 10 -1
36 0 52 i
36 26 -1
36 0 53 num
36 27 -1
37 0 54 dp
37 19 -1
37 0 55 a
37 0 56 i
37 27 -1
37 59 -1
38 0 57 i
38 32 -1
38 0 58 i
40 16 -1
40 17 -1
